2.31545e+07	0
2.40477e+07	1
2.51826e+07	2
2.62005e+07	3
2.68229e+07	4
2.79901e+07	5
2.88246e+07	6
3.00876e+07	7
3.09109e+07	8
3.19535e+07	9
3.26979e+07	10
3.36196e+07	11
3.44482e+07	12
3.55037e+07	13
3.62878e+07	14
3.74096e+07	15
3.84398e+07	16
3.82877e+07	17
3.98885e+07	18
4.05967e+07	19
4.13474e+07	20
4.1956e+07	21
4.29542e+07	22
4.39976e+07	23
4.38976e+07	24
4.53765e+07	25
4.6399e+07	26
4.64419e+07	27
4.64795e+07	28
4.75173e+07	29
4.8443e+07	30
4.88304e+07	31
4.93398e+07	32
4.97058e+07	33
5.04204e+07	34
5.07835e+07	35
5.19079e+07	36
5.13566e+07	37
5.24151e+07	38
5.24244e+07	39
5.37061e+07	40
5.32905e+07	41
5.38251e+07	42
5.38708e+07	43
5.47527e+07	44
5.53308e+07	45
5.5318e+07	46
5.58916e+07	47
5.58574e+07	48
5.6228e+07	49
5.65686e+07	50
5.73972e+07	51
5.75005e+07	52
5.75925e+07	53
5.83718e+07	54
5.86527e+07	55
5.80291e+07	56
5.8855e+07	57
5.8877e+07	58
5.92467e+07	59
5.94919e+07	60
6.01102e+07	61
5.99394e+07	62
6.06018e+07	63
6.08016e+07	64
6.11614e+07	65
6.1456e+07	66
6.21765e+07	67
6.19839e+07	68
6.27246e+07	69
6.27122e+07	70
6.33139e+07	71
6.29099e+07	72
6.35789e+07	73
6.4091e+07	74
6.40024e+07	75
6.49869e+07	76
6.43471e+07	77
6.43074e+07	78
6.48255e+07	79
6.55712e+07	80
6.56524e+07	81
6.60627e+07	82
6.62588e+07	83
6.62006e+07	84
6.6567e+07	85
6.65554e+07	86
6.72348e+07	87
6.71013e+07	88
6.67007e+07	89
6.73011e+07	90
6.89924e+07	91
6.9078e+07	92
6.91931e+07	93
6.82484e+07	94
6.9427e+07	95
6.96826e+07	96
6.98334e+07	97
6.98301e+07	98
7.01278e+07	99
7.08733e+07	100
7.11347e+07	101
7.18481e+07	102
7.13874e+07	103
7.24183e+07	104
7.20797e+07	105
7.24643e+07	106
7.34561e+07	107
7.34464e+07	108
7.3344e+07	109
7.37958e+07	110
7.41156e+07	111
7.48962e+07	112
7.44607e+07	113
7.52993e+07	114
7.57143e+07	115
7.56514e+07	116
7.63101e+07	117
7.66431e+07	118
7.65694e+07	119
7.647e+07	120
7.71921e+07	121
7.76066e+07	122
7.73383e+07	123
7.81243e+07	124
7.86906e+07	125
7.88655e+07	126
7.85138e+07	127
7.89609e+07	128
8.0286e+07	129
7.89387e+07	130
8.02057e+07	131
7.97044e+07	132
8.01926e+07	133
8.12303e+07	134
8.05419e+07	135
8.10497e+07	136
8.16303e+07	137
8.14491e+07	138
8.23144e+07	139
8.20979e+07	140
8.26235e+07	141
8.29904e+07	142
8.33643e+07	143
8.31679e+07	144
8.30102e+07	145
8.41213e+07	146
8.39187e+07	147
8.36422e+07	148
8.41234e+07	149
8.49302e+07	150
8.41248e+07	151
8.48757e+07	152
8.50588e+07	153
8.49167e+07	154
8.52198e+07	155
8.51578e+07	156
8.64549e+07	157
8.54455e+07	158
8.58362e+07	159
8.61565e+07	160
8.62565e+07	161
8.6563e+07	162
8.69362e+07	163
8.71719e+07	164
8.6866e+07	165
8.76915e+07	166
8.81272e+07	167
8.73232e+07	168
8.79768e+07	169
8.76345e+07	170
8.6769e+07	171
8.73009e+07	172
8.7718e+07	173
8.86688e+07	174
8.79645e+07	175
8.72969e+07	176
8.87502e+07	177
8.84315e+07	178
8.72419e+07	179
8.82935e+07	180
8.94959e+07	181
8.89012e+07	182
8.8165e+07	183
8.94112e+07	184
8.85036e+07	185
8.86172e+07	186
8.90983e+07	187
8.87007e+07	188
8.74029e+07	189
8.82018e+07	190
8.8609e+07	191
8.84891e+07	192
8.85214e+07	193
8.84064e+07	194
8.83821e+07	195
8.89975e+07	196
8.90496e+07	197
8.83879e+07	198
8.9043e+07	199
8.87909e+07	200
8.98714e+07	201
8.901e+07	202
8.89864e+07	203
8.99664e+07	204
8.88703e+07	205
8.91538e+07	206
8.92898e+07	207
8.88967e+07	208
8.96147e+07	209
8.9279e+07	210
8.95622e+07	211
8.88513e+07	212
8.9241e+07	213
8.9687e+07	214
8.98486e+07	215
9.00346e+07	216
8.94878e+07	217
8.95783e+07	218
8.97465e+07	219
8.95366e+07	220
9.00293e+07	221
8.9663e+07	222
9.01442e+07	223
9.05129e+07	224
9.06302e+07	225
8.99135e+07	226
9.05261e+07	227
9.05286e+07	228
9.04438e+07	229
8.99003e+07	230
9.03847e+07	231
8.99458e+07	232
9.10394e+07	233
9.07121e+07	234
8.93853e+07	235
9.02905e+07	236
8.94349e+07	237
9.00425e+07	238
9.0119e+07	239
8.97102e+07	240
8.94398e+07	241
9.0169e+07	242
8.9234e+07	243
8.97722e+07	244
8.9735e+07	245
9.05459e+07	246
8.90381e+07	247
9.04393e+07	248
8.98788e+07	249
9.08634e+07	250
9.03078e+07	251
9.02731e+07	252
8.92464e+07	253
8.97151e+07	254
9.00722e+07	255
8.97945e+07	256
9.02012e+07	257
8.98912e+07	258
8.97201e+07	259
9.10791e+07	260
8.96482e+07	261
9.05806e+07	262
8.98565e+07	263
9.05236e+07	264
9.08609e+07	265
9.04814e+07	266
9.06253e+07	267
9.1213e+07	268
9.07518e+07	269
9.08063e+07	270
9.05484e+07	271
9.07344e+07	272
9.11436e+07	273
9.1404e+07	274
9.1657e+07	275
9.21455e+07	276
9.1275e+07	277
9.23935e+07	278
9.19967e+07	279
9.1342e+07	280
9.26093e+07	281
9.19992e+07	282
9.28176e+07	283
9.3197e+07	284
9.29267e+07	285
9.30458e+07	286
9.28424e+07	287
9.22249e+07	288
9.28151e+07	289
9.2329e+07	290
9.31474e+07	291
9.22447e+07	292
9.3145e+07	293
9.28994e+07	294
9.34971e+07	295
9.41791e+07	296
9.38567e+07	297
9.25498e+07	298
9.4003e+07	299
9.45015e+07	300
9.44048e+07	301
9.54042e+07	302
9.45288e+07	303
9.43329e+07	304
9.51786e+07	305
9.5057e+07	306
9.47495e+07	307
9.47818e+07	308
9.57366e+07	309
9.42138e+07	310
9.50918e+07	311
9.51116e+07	312
9.42957e+07	313
9.49777e+07	314
9.48289e+07	315
9.49206e+07	316
9.50818e+07	317
9.61259e+07	318
9.51364e+07	319
9.59672e+07	320
9.46602e+07	321
9.55357e+07	322
9.55754e+07	323
9.48165e+07	324
9.5067e+07	325
9.50694e+07	326
9.56026e+07	327
9.47089e+07	328
9.4938e+07	329
9.57688e+07	330
9.44788e+07	331
9.42436e+07	332
9.34178e+07	333
9.35318e+07	334
9.28994e+07	335
9.35503e+07	336
9.2525e+07	337
9.21505e+07	338
9.24406e+07	339
9.08708e+07	340
9.0355e+07	341
9.06472e+07	342
9.0164e+07	343
8.90034e+07	344
8.82138e+07	345
8.82342e+07	346
8.7758e+07	347
8.71231e+07	348
8.57645e+07	349
8.52883e+07	350
8.4477e+07	351
8.39586e+07	352
8.30777e+07	353
8.22326e+07	354
8.11988e+07	355
8.00601e+07	356
7.97476e+07	357
7.87138e+07	358
7.68704e+07	359
7.58952e+07	360
7.5477e+07	361
7.38923e+07	362
7.2456e+07	363
7.15967e+07	364
6.94978e+07	365
6.83978e+07	366
6.72401e+07	367
6.48609e+07	368
6.44691e+07	369
6.33866e+07	370
6.09186e+07	371
6.02444e+07	372
5.77818e+07	373
5.63319e+07	374
5.48853e+07	375
5.2504e+07	376
5.11019e+07	377
4.85683e+07	378
4.71132e+07	379
4.4712e+07	380
4.31345e+07	381
4.0369e+07	382
3.83876e+07	383
3.59804e+07	384
3.40312e+07	385
3.09017e+07	386
2.88603e+07	387
2.63584e+07	388
2.40603e+07	389
2.13981e+07	390
1.95647e+07	391
1.68411e+07	392
1.47224e+07	393
1.25215e+07	394
1.14222e+07	395
9.41057e+06	396
6.81258e+06	397
6.37401e+06	398
6.20004e+06	399
